682062
916733
536843
511445
399382
880461
033241
400005
720962
765489
258696
772893
646304
237584
650520
997281
030213
938154
005911
260629
908115
387077
397955
341331
615989
677134
085503
496920
411367
080782
957773
655927
606102
815746
978554
326962
196534
849455
807961
292523
565394
488785
710421
822499
079715
252523
783782
451589
864950
929977
759708
592937
029745
035431
628504
931259
644205
552987
927029
795170
765134
835330
183142
424926
696247
189018
922130
964579
776885
999646
036601
936259
552655
411925
014732
476788
818975
091306
043513
934212
621537
317092
496924
756255
951171
326367
820432
218774
497778
591761
665881
710673
888200
034883
339437
058697
835559
460845
261372
411264
